9.775428776483094939e-01 2.500000000000000000e-01 1.000000000000000000e+00 0.000000000000000000e+00 1.000000000000000000e+00 0.000000000000000000e+00 9.636325544619370742e-01 -2.500000000000000000e-01
8.110288040707960278e-01 -0.000000000000000000e+00 1.000000000000000000e+00 0.000000000000000000e+00 1.000000000000000000e+00 -2.500000000000000000e-01 1.000000000000000000e+00 -0.000000000000000000e+00
1.000000000000000000e+00 -0.000000000000000000e+00 7.395581173813667863e-01 2.500000000000000000e-01 1.000000000000000000e+00 2.500000000000000000e-01 1.000000000000000000e+00 -0.000000000000000000e+00
1.000000000000000000e+00 -0.000000000000000000e+00 9.299198433148136989e-01 2.500000000000000000e-01 1.000000000000000000e+00 0.000000000000000000e+00 1.000000000000000000e+00 -2.500000000000000000e-01
7.437316286120098097e-01 2.500000000000000000e-01 5.505009845927768541e-01 0.000000000000000000e+00 1.000000000000000000e+00 2.500000000000000000e-01 1.000000000000000000e+00 -2.500000000000000000e-01
1.000000000000000000e+00 -2.500000000000000000e-01 1.000000000000000000e+00 2.500000000000000000e-01 8.389354526927399469e-01 -2.500000000000000000e-01 1.000000000000000000e+00 2.500000000000000000e-01
1.000000000000000000e+00 -2.500000000000000000e-01 8.062296747191975976e-01 0.000000000000000000e+00 1.000000000000000000e+00 -2.500000000000000000e-01 9.506115700212772746e-01 -0.000000000000000000e+00
8.739154663090668018e-01 2.500000000000000000e-01 1.000000000000000000e+00 2.500000000000000000e-01 1.000000000000000000e+00 2.500000000000000000e-01 6.960473140017110483e-01 -0.000000000000000000e+00
7.506032565552980262e-01 2.500000000000000000e-01 1.000000000000000000e+00 0.000000000000000000e+00 8.566557594333810144e-01 0.000000000000000000e+00 6.882535619055809573e-01 2.500000000000000000e-01
6.655797091243425001e-01 2.500000000000000000e-01 1.000000000000000000e+00 0.000000000000000000e+00 1.000000000000000000e+00 0.000000000000000000e+00 9.767583890933670965e-01 -0.000000000000000000e+00
5.732790906653406626e-01 -0.000000000000000000e+00 1.000000000000000000e+00 -2.500000000000000000e-01 1.000000000000000000e+00 0.000000000000000000e+00 9.205706842161166525e-01 -0.000000000000000000e+00
1.000000000000000000e+00 2.500000000000000000e-01 9.357207497085062720e-01 -2.500000000000000000e-01 6.777592383369153151e-01 0.000000000000000000e+00 8.630573109387926767e-01 -0.000000000000000000e+00
1.000000000000000000e+00 2.500000000000000000e-01 9.768169341159935737e-01 0.000000000000000000e+00 1.000000000000000000e+00 0.000000000000000000e+00 1.000000000000000000e+00 2.500000000000000000e-01
1.000000000000000000e+00 2.500000000000000000e-01 1.000000000000000000e+00 2.500000000000000000e-01 4.686940161384722803e-01 -2.500000000000000000e-01 7.995323102303261154e-01 -2.500000000000000000e-01
1.000000000000000000e+00 -2.500000000000000000e-01 7.991562542547112624e-01 2.500000000000000000e-01 1.000000000000000000e+00 -2.500000000000000000e-01 1.000000000000000000e+00 2.500000000000000000e-01
1.000000000000000000e+00 -2.500000000000000000e-01 1.000000000000000000e+00 2.500000000000000000e-01 1.000000000000000000e+00 -2.500000000000000000e-01 1.000000000000000000e+00 -0.000000000000000000e+00
1.000000000000000000e+00 2.500000000000000000e-01 9.447261449264973132e-01 0.000000000000000000e+00 8.695108809215363888e-01 0.000000000000000000e+00 1.000000000000000000e+00 2.500000000000000000e-01
2.884755319616526537e-01 2.500000000000000000e-01 1.000000000000000000e+00 0.000000000000000000e+00 1.000000000000000000e+00 2.500000000000000000e-01 1.000000000000000000e+00 2.500000000000000000e-01
1.000000000000000000e+00 2.500000000000000000e-01 1.000000000000000000e+00 0.000000000000000000e+00 7.590331558257009670e-01 0.000000000000000000e+00 8.468740938398906515e-01 -0.000000000000000000e+00
9.674786489454501037e-01 -0.000000000000000000e+00 7.631288425784876761e-01 2.500000000000000000e-01 7.895802815758470317e-01 2.500000000000000000e-01 7.865759667106103636e-01 -2.500000000000000000e-01
6.247118431863494248e-01 -0.000000000000000000e+00 1.000000000000000000e+00 -2.500000000000000000e-01 1.000000000000000000e+00 -2.500000000000000000e-01 1.522832729640797300e-01 2.500000000000000000e-01
8.904299558725320418e-01 -0.000000000000000000e+00 7.447768357718475007e-01 0.000000000000000000e+00 9.207369317651834528e-01 0.000000000000000000e+00 1.000000000000000000e+00 2.500000000000000000e-01
7.492686854098395965e-01 -2.500000000000000000e-01 8.531302719693418801e-01 -2.500000000000000000e-01 1.079827131533095397e-01 0.000000000000000000e+00 1.000000000000000000e+00 2.500000000000000000e-01
3.328814002126609939e-01 -2.500000000000000000e-01 4.089704307824582052e-01 -2.500000000000000000e-01 1.000000000000000000e+00 -2.500000000000000000e-01 1.000000000000000000e+00 -2.500000000000000000e-01
9.296985206441719107e-01 2.500000000000000000e-01 1.000000000000000000e+00 -2.500000000000000000e-01 9.157840290736204425e-01 0.000000000000000000e+00 1.000000000000000000e+00 -2.500000000000000000e-01
1.000000000000000000e+00 2.500000000000000000e-01 1.000000000000000000e+00 -2.500000000000000000e-01 1.000000000000000000e+00 -2.500000000000000000e-01 1.000000000000000000e+00 -2.500000000000000000e-01
1.000000000000000000e+00 -2.500000000000000000e-01 6.964781479222355021e-01 2.500000000000000000e-01 6.799883769716101867e-01 2.500000000000000000e-01 1.000000000000000000e+00 2.500000000000000000e-01
1.000000000000000000e+00 2.500000000000000000e-01 8.509069401923163856e-01 2.500000000000000000e-01 8.972384808432263270e-01 -2.500000000000000000e-01 1.000000000000000000e+00 2.500000000000000000e-01
1.000000000000000000e+00 -2.500000000000000000e-01 1.000000000000000000e+00 0.000000000000000000e+00 1.000000000000000000e+00 0.000000000000000000e+00 1.000000000000000000e+00 2.500000000000000000e-01
1.000000000000000000e+00 2.500000000000000000e-01 8.957808324587310800e-01 -2.500000000000000000e-01 1.000000000000000000e+00 -2.500000000000000000e-01 4.386891609429093286e-01 2.500000000000000000e-01
7.039364999150647950e-01 -0.000000000000000000e+00 1.000000000000000000e+00 2.500000000000000000e-01 2.150420921012866637e-01 -2.500000000000000000e-01 7.605786837795061039e-01 2.500000000000000000e-01
1.000000000000000000e+00 2.500000000000000000e-01 7.473792346483854043e-01 2.500000000000000000e-01 7.761018939931759730e-01 -2.500000000000000000e-01 7.017755884536596156e-01 -2.500000000000000000e-01
8.109516365765152557e-01 -0.000000000000000000e+00 8.089884204310551219e-01 -2.500000000000000000e-01 9.198027264832254746e-01 0.000000000000000000e+00 1.000000000000000000e+00 -2.500000000000000000e-01
9.865873513029028707e-01 -2.500000000000000000e-01 8.595907539163460953e-01 2.500000000000000000e-01 9.192273178484218210e-01 -2.500000000000000000e-01 1.000000000000000000e+00 -0.000000000000000000e+00
1.000000000000000000e+00 -0.000000000000000000e+00 9.809075496248113035e-01 -2.500000000000000000e-01 1.000000000000000000e+00 0.000000000000000000e+00 9.763794745963541022e-01 2.500000000000000000e-01
1.000000000000000000e+00 2.500000000000000000e-01 9.968216961430282907e-01 2.500000000000000000e-01 6.871513068508927624e-01 2.500000000000000000e-01 1.000000000000000000e+00 2.500000000000000000e-01
1.000000000000000000e+00 2.500000000000000000e-01 1.000000000000000000e+00 -2.500000000000000000e-01 1.000000000000000000e+00 0.000000000000000000e+00 4.800872544672032394e-01 -2.500000000000000000e-01
8.694738894717328748e-01 2.500000000000000000e-01 9.202503394258758629e-01 2.500000000000000000e-01 1.000000000000000000e+00 2.500000000000000000e-01 9.026931770214143835e-01 -0.000000000000000000e+00
1.000000000000000000e+00 -0.000000000000000000e+00 1.000000000000000000e+00 0.000000000000000000e+00 1.000000000000000000e+00 0.000000000000000000e+00 4.851649122974549533e-01 2.500000000000000000e-01
8.436912117783985643e-01 -2.500000000000000000e-01 1.000000000000000000e+00 -2.500000000000000000e-01 9.557308760811189519e-01 -2.500000000000000000e-01 3.190454495935755030e-01 -0.000000000000000000e+00
1.000000000000000000e+00 -0.000000000000000000e+00 1.000000000000000000e+00 2.500000000000000000e-01 9.956016158278965245e-01 2.500000000000000000e-01 9.764840100230280928e-01 2.500000000000000000e-01
1.000000000000000000e+00 2.500000000000000000e-01 1.000000000000000000e+00 2.500000000000000000e-01 7.102203165666659546e-01 2.500000000000000000e-01 9.386832423815480997e-01 -0.000000000000000000e+00
1.000000000000000000e+00 -0.000000000000000000e+00 1.000000000000000000e+00 2.500000000000000000e-01 1.000000000000000000e+00 -2.500000000000000000e-01 1.000000000000000000e+00 -0.000000000000000000e+00
9.294446381666263690e-01 2.500000000000000000e-01 9.616227370583174672e-01 0.000000000000000000e+00 9.927585184568579191e-01 2.500000000000000000e-01 1.000000000000000000e+00 -2.500000000000000000e-01
9.296209655615692569e-01 -2.500000000000000000e-01 7.522378594080805225e-01 0.000000000000000000e+00 7.985138055843249427e-01 2.500000000000000000e-01 9.205871394404199215e-01 -2.500000000000000000e-01
6.964703160546187322e-01 -2.500000000000000000e-01 5.615996631003792317e-01 0.000000000000000000e+00 1.000000000000000000e+00 0.000000000000000000e+00 1.000000000000000000e+00 2.500000000000000000e-01
1.000000000000000000e+00 2.500000000000000000e-01 1.000000000000000000e+00 2.500000000000000000e-01 9.173253148467712670e-01 2.500000000000000000e-01 1.000000000000000000e+00 -2.500000000000000000e-01
1.000000000000000000e+00 -0.000000000000000000e+00 6.015839573032117915e-01 -2.500000000000000000e-01 9.640911527091990951e-01 2.500000000000000000e-01 9.218551067379576747e-01 -2.500000000000000000e-01
4.593773399132624613e-01 -2.500000000000000000e-01 1.000000000000000000e+00 2.500000000000000000e-01 1.000000000000000000e+00 -2.500000000000000000e-01 1.000000000000000000e+00 -0.000000000000000000e+00
1.490910829727717379e-01 -2.500000000000000000e-01 9.182874290878514367e-01 2.500000000000000000e-01 1.000000000000000000e+00 0.000000000000000000e+00 6.414495712911464365e-01 -0.000000000000000000e+00
6.341519203584919939e-01 -0.000000000000000000e+00 1.000000000000000000e+00 2.500000000000000000e-01 1.000000000000000000e+00 -2.500000000000000000e-01 1.000000000000000000e+00 2.500000000000000000e-01
9.486999917777161340e-01 -2.500000000000000000e-01 1.000000000000000000e+00 -2.500000000000000000e-01 1.000000000000000000e+00 -2.500000000000000000e-01 1.000000000000000000e+00 2.500000000000000000e-01
1.000000000000000000e+00 2.500000000000000000e-01 9.590339707197603758e-01 2.500000000000000000e-01 8.580336393699735664e-01 -2.500000000000000000e-01 9.159907182374403822e-01 -2.500000000000000000e-01
7.327958164199150914e-01 -2.500000000000000000e-01 1.000000000000000000e+00 0.000000000000000000e+00 1.000000000000000000e+00 2.500000000000000000e-01 8.480596033165307412e-01 2.500000000000000000e-01
8.266200619589751941e-01 -2.500000000000000000e-01 8.615171469068243493e-01 -2.500000000000000000e-01 1.000000000000000000e+00 2.500000000000000000e-01 9.326048907023677392e-01 -2.500000000000000000e-01
6.329576790360995631e-01 -0.000000000000000000e+00 1.000000000000000000e+00 0.000000000000000000e+00 1.000000000000000000e+00 -2.500000000000000000e-01 7.392705821803843280e-01 -0.000000000000000000e+00
9.141613372562082951e-01 2.500000000000000000e-01 1.000000000000000000e+00 0.000000000000000000e+00 1.000000000000000000e+00 -2.500000000000000000e-01 8.381780667510209115e-01 2.500000000000000000e-01
1.000000000000000000e+00 2.500000000000000000e-01 1.000000000000000000e+00 0.000000000000000000e+00 1.000000000000000000e+00 0.000000000000000000e+00 1.000000000000000000e+00 -0.000000000000000000e+00
1.000000000000000000e+00 2.500000000000000000e-01 6.885270466793331767e-01 0.000000000000000000e+00 1.000000000000000000e+00 -2.500000000000000000e-01 1.000000000000000000e+00 -0.000000000000000000e+00
1.000000000000000000e+00 2.500000000000000000e-01 1.000000000000000000e+00 -2.500000000000000000e-01 9.040552603874906223e-01 2.500000000000000000e-01 1.000000000000000000e+00 -2.500000000000000000e-01
9.137720273266228821e-01 -2.500000000000000000e-01 1.000000000000000000e+00 2.500000000000000000e-01 3.569072430264640383e-01 2.500000000000000000e-01 1.000000000000000000e+00 -2.500000000000000000e-01
9.066126310628120910e-01 -2.500000000000000000e-01 7.429349446112634148e-01 0.000000000000000000e+00 8.679181984851328524e-01 -2.500000000000000000e-01 8.833580904490655472e-01 2.500000000000000000e-01
1.000000000000000000e+00 2.500000000000000000e-01 1.000000000000000000e+00 2.500000000000000000e-01 1.000000000000000000e+00 -2.500000000000000000e-01 4.580244765173021593e-01 -2.500000000000000000e-01
9.310115401435893334e-01 2.500000000000000000e-01 6.420751922205598650e-01 -2.500000000000000000e-01 1.000000000000000000e+00 2.500000000000000000e-01 9.897734992530686782e-01 2.500000000000000000e-01
1.000000000000000000e+00 -0.000000000000000000e+00 1.000000000000000000e+00 2.500000000000000000e-01 1.000000000000000000e+00 -2.500000000000000000e-01 6.054571431953268412e-01 2.500000000000000000e-01
7.237956962607290379e-01 2.500000000000000000e-01 1.000000000000000000e+00 2.500000000000000000e-01 1.000000000000000000e+00 -2.500000000000000000e-01 1.000000000000000000e+00 -2.500000000000000000e-01
1.000000000000000000e+00 2.500000000000000000e-01 1.000000000000000000e+00 -2.500000000000000000e-01 1.000000000000000000e+00 0.000000000000000000e+00 1.000000000000000000e+00 -0.000000000000000000e+00
1.000000000000000000e+00 2.500000000000000000e-01 1.000000000000000000e+00 -2.500000000000000000e-01 7.725625746457365217e-01 2.500000000000000000e-01 8.655772822717243686e-01 -0.000000000000000000e+00
1.000000000000000000e+00 -2.500000000000000000e-01 1.000000000000000000e+00 -2.500000000000000000e-01 1.000000000000000000e+00 0.000000000000000000e+00 8.347366129523162703e-01 -2.500000000000000000e-01
7.599608912751886214e-01 2.500000000000000000e-01 1.000000000000000000e+00 -2.500000000000000000e-01 1.000000000000000000e+00 0.000000000000000000e+00 6.559336758124689748e-01 2.500000000000000000e-01
1.000000000000000000e+00 2.500000000000000000e-01 9.300849604581776786e-01 0.000000000000000000e+00 8.160891865992212502e-01 0.000000000000000000e+00 7.677822946201207088e-01 -0.000000000000000000e+00
9.213757395351349633e-01 -2.500000000000000000e-01 1.000000000000000000e+00 -2.500000000000000000e-01 9.639253681009132269e-01 0.000000000000000000e+00 1.000000000000000000e+00 -0.000000000000000000e+00
9.437000396639722011e-01 2.500000000000000000e-01 9.940430676184611736e-01 -2.500000000000000000e-01 1.000000000000000000e+00 -2.500000000000000000e-01 8.371253318800998544e-01 -2.500000000000000000e-01
8.502307998129486899e-01 2.500000000000000000e-01 8.024580668493886959e-01 0.000000000000000000e+00 7.421946149788887226e-01 -2.500000000000000000e-01 8.705628672152146974e-01 -0.000000000000000000e+00
1.000000000000000000e+00 -0.000000000000000000e+00 1.000000000000000000e+00 -2.500000000000000000e-01 3.368184656850261582e-01 2.500000000000000000e-01 9.187499864139478944e-01 -0.000000000000000000e+00
6.664072859919611957e-01 -2.500000000000000000e-01 8.211238945663941191e-01 2.500000000000000000e-01 1.000000000000000000e+00 0.000000000000000000e+00 5.131757929153137887e-01 2.500000000000000000e-01
1.000000000000000000e+00 -0.000000000000000000e+00 1.000000000000000000e+00 2.500000000000000000e-01 1.000000000000000000e+00 -2.500000000000000000e-01 1.000000000000000000e+00 -0.000000000000000000e+00
1.000000000000000000e+00 -0.000000000000000000e+00 1.000000000000000000e+00 2.500000000000000000e-01 1.000000000000000000e+00 0.000000000000000000e+00 8.375430473181064706e-01 -0.000000000000000000e+00
1.000000000000000000e+00 2.500000000000000000e-01 9.658183183634293512e-01 -2.500000000000000000e-01 7.131907105703957361e-01 0.000000000000000000e+00 9.182725792066337434e-01 2.500000000000000000e-01
1.000000000000000000e+00 2.500000000000000000e-01 1.000000000000000000e+00 0.000000000000000000e+00 3.515941693984624417e-01 0.000000000000000000e+00 7.350786753300766474e-01 -0.000000000000000000e+00
1.000000000000000000e+00 -0.000000000000000000e+00 1.000000000000000000e+00 2.500000000000000000e-01 9.273480952368736707e-01 2.500000000000000000e-01 1.000000000000000000e+00 -2.500000000000000000e-01
1.000000000000000000e+00 -0.000000000000000000e+00 1.000000000000000000e+00 0.000000000000000000e+00 5.599961516750417978e-01 -2.500000000000000000e-01 7.766635271283353070e-01 2.500000000000000000e-01
8.436392435670702072e-01 -0.000000000000000000e+00 1.000000000000000000e+00 0.000000000000000000e+00 7.230882320207570046e-01 2.500000000000000000e-01 9.300569160275212743e-01 -0.000000000000000000e+00
8.738455132466002029e-01 -2.500000000000000000e-01 1.000000000000000000e+00 0.000000000000000000e+00 1.000000000000000000e+00 2.500000000000000000e-01 1.000000000000000000e+00 -2.500000000000000000e-01
1.000000000000000000e+00 -2.500000000000000000e-01 1.000000000000000000e+00 2.500000000000000000e-01 9.175440187695850236e-01 2.500000000000000000e-01 6.742007610064497669e-01 -2.500000000000000000e-01
6.440521525916538259e-01 2.500000000000000000e-01 8.554103334540099635e-01 -2.500000000000000000e-01 1.000000000000000000e+00 2.500000000000000000e-01 1.000000000000000000e+00 -0.000000000000000000e+00
9.626541211233978768e-01 -2.500000000000000000e-01 5.452536707638544478e-01 0.000000000000000000e+00 1.000000000000000000e+00 -2.500000000000000000e-01 5.575087168437609098e-01 2.500000000000000000e-01
1.000000000000000000e+00 -0.000000000000000000e+00 7.624778608627420518e-01 -2.500000000000000000e-01 1.000000000000000000e+00 -2.500000000000000000e-01 9.747292294797088585e-01 -2.500000000000000000e-01
1.000000000000000000e+00 -2.500000000000000000e-01 6.045122990505684690e-01 0.000000000000000000e+00 1.000000000000000000e+00 2.500000000000000000e-01 8.402986447726052965e-01 -0.000000000000000000e+00
1.000000000000000000e+00 -0.000000000000000000e+00 9.269832624836344959e-01 2.500000000000000000e-01 1.000000000000000000e+00 -2.500000000000000000e-01 7.441003001335975142e-01 -2.500000000000000000e-01
6.723106691474888263e-01 2.500000000000000000e-01 8.780496257417805817e-01 -2.500000000000000000e-01 9.992538585839473297e-01 0.000000000000000000e+00 9.370051308618726482e-01 -2.500000000000000000e-01
5.099257364319752517e-01 -0.000000000000000000e+00 6.158623412907529016e-01 2.500000000000000000e-01 8.433962377489768736e-01 0.000000000000000000e+00 1.000000000000000000e+00 -2.500000000000000000e-01
1.000000000000000000e+00 -0.000000000000000000e+00 9.091306168494732720e-01 2.500000000000000000e-01 7.258935779665502963e-01 2.500000000000000000e-01 1.000000000000000000e+00 -2.500000000000000000e-01
1.000000000000000000e+00 -2.500000000000000000e-01 1.000000000000000000e+00 2.500000000000000000e-01 4.829036928427199449e-01 -2.500000000000000000e-01 6.938432537593590688e-01 -0.000000000000000000e+00
5.323791203989254317e-01 -2.500000000000000000e-01 9.850639077837270996e-01 -2.500000000000000000e-01 1.000000000000000000e+00 -2.500000000000000000e-01 1.000000000000000000e+00 2.500000000000000000e-01
7.797443059825017730e-01 -2.500000000000000000e-01 8.815694821085832134e-01 0.000000000000000000e+00 5.439189715206396158e-01 0.000000000000000000e+00 1.000000000000000000e+00 2.500000000000000000e-01
1.000000000000000000e+00 -0.000000000000000000e+00 1.000000000000000000e+00 -2.500000000000000000e-01 4.395060907363471658e-01 2.500000000000000000e-01 6.460142313467872599e-01 2.500000000000000000e-01
9.076060405928889629e-01 -2.500000000000000000e-01 3.093590321416724853e-01 -2.500000000000000000e-01 1.000000000000000000e+00 0.000000000000000000e+00 1.000000000000000000e+00 2.500000000000000000e-01
1.000000000000000000e+00 -0.000000000000000000e+00 1.000000000000000000e+00 -2.500000000000000000e-01 1.000000000000000000e+00 2.500000000000000000e-01 1.000000000000000000e+00 -0.000000000000000000e+00
1.000000000000000000e+00 -0.000000000000000000e+00 4.173323944033064947e-01 -2.500000000000000000e-01 8.417347192698745317e-01 0.000000000000000000e+00 1.000000000000000000e+00 -0.000000000000000000e+00
