1.218485832214355469e+00 1.218485832214355469e+00
-5.008876323699951172e+00 -5.008876323699951172e+00
3.426480293273925781e+00 3.426480293273925781e+00
-3.483724594116210938e+00 -3.483724594116210938e+00
3.434658050537109375e-01 3.434658050537109375e-01
2.265238761901855469e+00 2.265238761901855469e+00
1.083552837371826172e+00 1.083552837371826172e+00
-1.766395568847656250e+00 -1.766395568847656250e+00
0.000000000000000000e+00 0.000000000000000000e+00
1.852262020111083984e+00 1.852262020111083984e+00
-4.440522193908691406e+00 -4.440522193908691406e+00
5.151987075805664062e-01 5.151987075805664062e-01
4.579544067382812500e-01 4.579544067382812500e-01
-4.740236997604370117e+01 -4.740236997604370117e+01
3.005325794219970703e+00 3.005325794219970703e+00
-1.422929763793945312e+00 -1.422929763793945312e+00
5.438208580017089844e+00 5.438208580017089844e+00
-4.305589199066162109e+00 -4.305589199066162109e+00
2.588260173797607422e+00 2.588260173797607422e+00
-1.238930225372314453e+00 -1.238930225372314453e+00
