1.238930225372314453e+00 1.238930225372314453e+00
-3.434658050537109375e-01 -3.434658050537109375e-01
1.476085186004638672e+00 1.476085186004638672e+00
3.271102905273437500e-01 3.271102905273437500e-01
-3.430569171905517578e+00 -3.430569171905517578e+00
1.611018180847167969e+00 1.611018180847167969e+00
-7.768869400024414062e-01 -7.768869400024414062e-01
-2.490127086639404297e+00 -2.490127086639404297e+00
5.213320255279541016e+00 5.213320255279541016e+00
-3.549146652221679688e+00 -3.549146652221679688e+00
9.813308715820312500e-01 9.813308715820312500e-01
6.828427314758300781e-01 6.828427314758300781e-01
4.752094745635986328e+01 4.752094745635986328e+01
-4.508806467056274414e+01 -4.508806467056274414e+01
6.133317947387695312e-01 6.133317947387695312e-01
-3.087103366851806641e+00 -3.087103366851806641e+00
1.022219657897949219e+00 1.022219657897949219e+00
-1.341152191162109375e+00 -1.341152191162109375e+00
6.501317024230957031e-01 6.501317024230957031e-01
5.111098289489746094e-01 5.111098289489746094e-01
-4.415988922119140625e-01 -4.415988922119140625e-01
5.151987075805664062e-01 5.151987075805664062e-01
-2.248883247375488281e-01 -2.248883247375488281e-01
1.635551452636718750e-02 1.635551452636718750e-02
3.598213195800781250e-01 3.598213195800781250e-01
-3.962123394012451172e+00 -3.962123394012451172e+00
3.050303459167480469e+00 3.050303459167480469e+00
6.501317024230957031e-01 6.501317024230957031e-01
-2.199816703796386719e+00 -2.199816703796386719e+00
-1.153063774108886719e+00 -1.153063774108886719e+00
2.539193630218505859e+00 2.539193630218505859e+00
3.271102905273437500e-02 3.271102905273437500e-02
9.118199348449707031e-01 9.118199348449707031e-01
-2.759993076324462891e+00 -2.759993076324462891e+00
5.479097366333007812e-01 5.479097366333007812e-01
-3.430569171905517578e+00 -3.430569171905517578e+00
2.314305305480957031e+00 2.314305305480957031e+00
7.148177623748779297e+01 7.148177623748779297e+01
2.622606754302978516e+01 2.622606754302978516e+01
-6.885671615600585938e+01 -6.885671615600585938e+01
-6.951093673706054688e-02 -6.951093673706054688e-02
-1.443374156951904297e+00 -1.443374156951904297e+00
-4.317855834960937500e+00 -4.317855834960937500e+00
9.567975997924804688e-01 9.567975997924804688e-01
-1.185774803161621094e-01 -1.185774803161621094e-01
1.181685924530029297e+00 1.181685924530029297e+00
-6.828427314758300781e-01 -6.828427314758300781e-01
2.899014949798583984e+00 2.899014949798583984e+00
1.635551452636718750e-02 1.635551452636718750e-02
-1.803195476531982422e+00 -1.803195476531982422e+00
1.226663589477539062e-02 1.226663589477539062e-02
2.207994461059570312e-01 2.207994461059570312e-01
2.216172218322753906e+00 2.216172218322753906e+00
1.880884170532226562e-01 1.880884170532226562e-01
-7.727980613708496094e-01 -7.727980613708496094e-01
-4.101145267486572266e+00 -4.101145267486572266e+00
1.664173603057861328e+00 1.664173603057861328e+00
1.557862758636474609e+00 1.557862758636474609e+00
1.782751083374023438e+00 1.782751083374023438e+00
-1.660084724426269531e+00 -1.660084724426269531e+00
6.051540374755859375e-01 6.051540374755859375e-01
3.434658050537109375e-01 3.434658050537109375e-01
-4.293322563171386719e-01 -4.293322563171386719e-01
-8.218646049499511719e-01 -8.218646049499511719e-01
5.683541297912597656e-01 5.683541297912597656e-01
8.160583972930908203e+01 8.160583972930908203e+01
-6.997298002243041992e+01 -6.997298002243041992e+01
1.696884632110595703e+00 1.696884632110595703e+00
-4.150211811065673828e+00 -4.150211811065673828e+00
2.657771110534667969e+00 2.657771110534667969e+00
3.553235530853271484e+00 3.553235530853271484e+00
-2.248883247375488281e-01 -2.248883247375488281e-01
2.085328102111816406e-01 2.085328102111816406e-01
-8.954644203186035156e-01 -8.954644203186035156e-01
-6.542205810546875000e-02 -6.542205810546875000e-02
1.884973049163818359e+00 1.884973049163818359e+00
-3.602302074432373047e+00 -3.602302074432373047e+00
1.300263404846191406e+00 1.300263404846191406e+00
-2.943992614746093750e-01 -2.943992614746093750e-01
7.687091827392578125e-01 7.687091827392578125e-01
2.113950252532958984e+00 2.113950252532958984e+00
-3.876256942749023438e+00 -3.876256942749023438e+00
4.906654357910156250e-02 4.906654357910156250e-02
-6.501317024230957031e-01 -6.501317024230957031e-01
-8.382201194763183594e-01 -8.382201194763183594e-01
5.192875862121582031e-01 5.192875862121582031e-01
-6.010651588439941406e-01 -6.010651588439941406e-01
1.369774341583251953e+00 1.369774341583251953e+00
2.371549606323242188e-01 2.371549606323242188e-01
-3.271102905273437500e-02 -3.271102905273437500e-02
2.903103828430175781e-01 2.903103828430175781e-01
-4.252433776855468750e-01 -4.252433776855468750e-01
-2.997148036956787109e+00 -2.997148036956787109e+00
-1.880884170532226562e-01 -1.880884170532226562e-01
1.283907890319824219e+00 1.283907890319824219e+00
-1.443374156951904297e+00 -1.443374156951904297e+00
2.518749237060546875e+00 2.518749237060546875e+00
-5.315542221069335938e-01 -5.315542221069335938e-01
3.230214118957519531e-01 3.230214118957519531e-01
4.491633176803588867e+01 4.491633176803588867e+01
