-7.333454861718167184e-01 -6.619751142885155204e+00
4.309570014100524205e+00 -6.427480520488835225e+00
3.374482726696702795e+00 -6.051697825034447753e+00
1.128144082201616705e+01 -8.616324527606744610e+00
4.303364887222880242e+00 -6.311324147202975965e+00
2.813073001698616959e+00 -7.804249814354323078e+00
1.139038618617829535e+01 -1.808300723271350829e+00
-4.848510895564714929e-01 -3.440124214266091940e+00
-6.782108150129825042e+00 -1.374333218576062698e+01
3.124014855431869186e+00 -7.627515771000187961e+00
9.943381098110267047e+00 -1.254957201579380488e+01
1.389367090746353028e+01 -2.023137109629035280e+01
3.923644257297347337e+00 -1.853586479950579857e+01
5.781050865730683164e+00 -6.795648532910840700e+00
1.209992966095776623e+01 -1.529527208665155946e+01
1.834337557330540847e+01 -1.652580489255207752e+01
6.667693703013137352e+00 -5.259482871735077225e+00
3.883023073293170313e+00 -7.157957560247202089e+00
9.944146272608485049e+00 -9.959467322528563926e+00
4.799096128658211668e+00 -6.301024716109334678e-01
4.936345510558880711e+00 -4.341019280563356730e+00
9.214062024920675498e+00 -9.223974293454606510e+00
6.034804113768101885e+00 -6.073208139181778265e+00
3.833607151073339825e+00 -6.900300492133041530e+00
9.545876288267844956e+00 -3.222341619024031267e+00
5.661287984890419622e+00 -5.928689425250309952e+00
-8.793939463880368734e+00 -1.346462130305832261e+01
6.103315669676338651e+00 -5.910283056753085518e+00
1.131391627266143018e+01 -1.140066155838520423e+01
1.083473441653262509e-01 -1.037379248554258382e+01
