2.811199999999999818e+03 7.903199999999999818e+03 1.387400000000000000e+04 -3.001999999999999886e+02 2.856000000000000227e+02 -2.043000000000000114e+02 2.917221255536392732e+01 -9.984192909697153340e+00
2.841599999999999909e+03 7.868399999999999636e+03 1.379920000000000073e+04 -2.945000000000000000e+02 2.960000000000000000e+02 -2.021999999999999886e+02 2.918341248591712400e+01 -1.014237911705299133e+01
2.754800000000000182e+03 7.518800000000000182e+03 1.407639999999999964e+04 -3.006999999999999886e+02 2.573000000000000114e+02 -1.855000000000000000e+02 2.766845798849497129e+01 -9.810720193935663858e+00
2.688400000000000091e+03 7.900399999999999636e+03 1.375720000000000073e+04 -2.956000000000000227e+02 2.821000000000000227e+02 -2.059000000000000057e+02 2.940645633809606352e+01 -9.618835204219827517e+00
2.810000000000000000e+03 5.962399999999999636e+03 1.464879999999999927e+04 -3.003999999999999773e+02 2.863999999999999773e+02 -2.023000000000000114e+02 2.178859471710231688e+01 -1.007456222421529013e+01
3.096000000000000000e+03 7.944000000000000000e+03 1.376879999999999927e+04 -2.961999999999999886e+02 2.823999999999999773e+02 -2.015000000000000000e+02 2.937568550367732811e+01 -1.102116768819088577e+01
2.661599999999999909e+03 7.754800000000000182e+03 1.392920000000000073e+04 -2.960000000000000000e+02 2.883999999999999773e+02 -1.975999999999999943e+02 2.867056228728944234e+01 -9.477975602492126228e+00
2.967199999999999818e+03 7.810399999999999636e+03 1.376239999999999964e+04 -2.978999999999999773e+02 2.871999999999999886e+02 -2.056999999999999886e+02 2.902100944219208145e+01 -1.062048539390991664e+01
3.263599999999999909e+03 7.634399999999999636e+03 1.378200000000000000e+04 -2.946000000000000227e+02 2.991000000000000227e+02 -2.020999999999999943e+02 2.832616624767714342e+01 -1.170207951739260466e+01
3.019599999999999909e+03 7.730000000000000000e+03 1.388160000000000036e+04 -3.003000000000000114e+02 2.810000000000000000e+02 -2.024000000000000057e+02 2.855041829932087083e+01 -1.075949278139474430e+01
2.925599999999999909e+03 7.686000000000000000e+03 1.387279999999999927e+04 -3.073000000000000114e+02 2.858999999999999773e+02 -2.015000000000000000e+02 2.846261133985704106e+01 -1.045178397255774705e+01
3.300800000000000182e+03 7.827600000000000364e+03 1.379120000000000073e+04 -3.466000000000000227e+02 2.370999999999999943e+02 -1.965000000000000000e+02 2.889458600761759044e+01 -1.175783290689270899e+01
2.743599999999999909e+03 8.103199999999999818e+03 1.368960000000000036e+04 -2.853999999999999773e+02 2.926999999999999886e+02 -2.000000000000000000e+02 3.013023613368731546e+01 -9.785355947959031298e+00
3.378800000000000182e+03 8.036000000000000000e+03 1.354439999999999964e+04 -2.863000000000000114e+02 2.856000000000000227e+02 -2.066999999999999886e+02 2.992677760991169933e+01 -1.210695183955917287e+01
2.660000000000000000e+03 7.965600000000000364e+03 1.381079999999999927e+04 -2.956999999999999886e+02 2.845000000000000000e+02 -2.014000000000000057e+02 2.952449800270301239e+01 -9.473200226639800547e+00
2.773599999999999909e+03 8.345600000000000364e+03 1.353160000000000036e+04 -2.936000000000000227e+02 2.886000000000000227e+02 -2.034000000000000057e+02 3.114033640460678498e+01 -9.896769442787206827e+00
2.905599999999999909e+03 8.195600000000000364e+03 1.359839999999999964e+04 -2.966999999999999886e+02 2.876000000000000227e+02 -1.970000000000000000e+02 3.051446820213759992e+01 -1.037080271384777852e+01
2.911199999999999818e+03 7.977600000000000364e+03 1.373360000000000036e+04 -2.996999999999999886e+02 2.906999999999999886e+02 -1.973000000000000114e+02 2.960669281015199772e+01 -1.038593786970453614e+01
3.146400000000000091e+03 7.990800000000000182e+03 1.366200000000000000e+04 -2.923999999999999773e+02 2.878000000000000114e+02 -2.013000000000000114e+02 2.968118773118491660e+01 -1.124492963205197782e+01
3.035199999999999818e+03 7.364000000000000000e+03 1.391479999999999927e+04 -2.533000000000000114e+02 2.680000000000000000e+02 -2.165999999999999943e+02 2.732679021886862714e+01 -1.093907621623382376e+01
2.860000000000000000e+03 7.999199999999999818e+03 1.369760000000000036e+04 -3.001000000000000227e+02 3.050000000000000000e+02 -2.056999999999999886e+02 2.975485354169223839e+01 -1.022055094700680300e+01
2.816400000000000091e+03 7.358000000000000000e+03 1.406639999999999964e+04 -2.973999999999999773e+02 2.886000000000000227e+02 -1.965000000000000000e+02 2.715451050883103790e+01 -1.006109029745273631e+01
3.499199999999999818e+03 6.502000000000000000e+03 1.426279999999999927e+04 -2.883999999999999773e+02 2.806000000000000227e+02 -1.865000000000000000e+02 2.388807372562396125e+01 -1.257955670563922013e+01
3.024800000000000182e+03 3.286400000000000091e+03 1.549439999999999964e+04 -2.771999999999999886e+02 2.936000000000000227e+02 -1.816999999999999886e+02 1.175900894747712577e+01 -1.080963551871071360e+01
2.823199999999999818e+03 8.356799999999999272e+03 1.359679999999999927e+04 -2.743000000000000114e+02 2.755000000000000000e+02 -2.070000000000000000e+02 3.103654259251051784e+01 -1.003450918137504644e+01
2.659199999999999818e+03 8.408799999999999272e+03 1.348200000000000000e+04 -2.916999999999999886e+02 2.928999999999999773e+02 -2.014000000000000057e+02 3.146300051701174993e+01 -9.500749558958423435e+00
3.331199999999999818e+03 7.605600000000000364e+03 1.399839999999999964e+04 -2.688999999999999773e+02 2.968999999999999773e+02 -1.920000000000000000e+02 2.782788118500673846e+01 -1.180854183349537401e+01
2.752000000000000000e+03 7.942800000000000182e+03 1.380400000000000000e+04 -2.626999999999999886e+02 2.918999999999999773e+02 -1.998000000000000114e+02 2.943409498861554496e+01 -9.803145720287869125e+00
2.657599999999999909e+03 8.578399999999999636e+03 1.347360000000000036e+04 -2.971000000000000227e+02 2.838999999999999773e+02 -2.079000000000000057e+02 3.199117831544107915e+01 -9.447312946863705818e+00
2.667199999999999818e+03 8.208799999999999272e+03 1.369960000000000036e+04 -2.923000000000000114e+02 2.916000000000000227e+02 -1.961999999999999886e+02 3.046189379934434172e+01 -9.481259848060963336e+00
3.567599999999999909e+03 7.457199999999999818e+03 1.383760000000000036e+04 -2.836999999999999886e+02 2.946999999999999886e+02 -2.559000000000000057e+02 2.755399670531810941e+01 -1.278431458135131393e+01
2.985599999999999909e+03 8.027600000000000364e+03 1.372679999999999927e+04 -3.900000000000000000e+02 3.053000000000000114e+02 -2.309000000000000057e+02 2.974359880542264634e+01 -1.062972483553861558e+01
2.828800000000000182e+03 7.320800000000000182e+03 1.413079999999999927e+04 -3.113000000000000114e+02 2.551999999999999886e+02 -2.105999999999999943e+02 2.693007694414065867e+01 -1.007902773332817681e+01
2.677599999999999909e+03 7.848800000000000182e+03 1.379320000000000073e+04 -2.636000000000000227e+02 2.978000000000000114e+02 -2.094000000000000057e+02 2.918844250924912487e+01 -9.576370424359485156e+00
2.645199999999999818e+03 8.549600000000000364e+03 1.350479999999999927e+04 -3.048000000000000114e+02 2.873999999999999773e+02 -2.044000000000000057e+02 3.184936560026496366e+01 -9.397664140410611822e+00
3.613199999999999818e+03 8.065600000000000364e+03 1.356560000000000036e+04 -2.940000000000000000e+02 3.140000000000000000e+02 -1.756999999999999886e+02 2.984890440258366340e+01 -1.290996872932437967e+01
2.690400000000000091e+03 8.586799999999999272e+03 1.339079999999999927e+04 -2.938999999999999773e+02 3.040000000000000000e+02 -2.058000000000000114e+02 3.215825817180435564e+01 -9.599351952350627215e+00
2.847599999999999909e+03 7.706399999999999636e+03 1.384439999999999964e+04 -2.873999999999999773e+02 2.553000000000000114e+02 -1.948000000000000114e+02 2.860000218735110522e+01 -1.019056184725849690e+01
2.822000000000000000e+03 8.315200000000000728e+03 1.356000000000000000e+04 -2.891000000000000227e+02 2.850000000000000000e+02 -1.994000000000000057e+02 3.097861392917277357e+01 -1.006117691195593622e+01
2.851599999999999909e+03 8.306399999999999636e+03 1.359439999999999964e+04 -2.906999999999999886e+02 3.133999999999999773e+02 -1.963000000000000114e+02 3.088052298399548334e+01 -1.014740782798307706e+01
2.774000000000000000e+03 8.272000000000000000e+03 1.361160000000000036e+04 -2.863999999999999773e+02 2.845000000000000000e+02 -1.985999999999999943e+02 3.077294879360438884e+01 -9.878655927219053723e+00
3.646800000000000182e+03 7.916399999999999636e+03 1.359400000000000000e+04 -3.616000000000000227e+02 2.905000000000000000e+02 -2.139000000000000057e+02 2.935385985647995355e+01 -1.305218719170772168e+01
2.821199999999999818e+03 8.395200000000000728e+03 1.352879999999999927e+04 -2.916999999999999886e+02 2.828000000000000114e+02 -2.005999999999999943e+02 3.127650401390109280e+01 -1.004802833007568630e+01
2.860400000000000091e+03 8.170399999999999636e+03 1.361320000000000073e+04 -2.918000000000000114e+02 3.021999999999999886e+02 -1.451999999999999886e+02 3.042512145567546256e+01 -1.021920871933398267e+01
2.967199999999999818e+03 7.314000000000000000e+03 1.400400000000000000e+04 -3.381999999999999886e+02 3.536000000000000227e+02 -1.355000000000000000e+02 2.704520780095818466e+01 -1.063746685470576026e+01
2.870000000000000000e+03 5.681199999999999818e+03 1.489039999999999964e+04 -2.893999999999999773e+02 2.863999999999999773e+02 -2.075999999999999943e+02 2.053875725980226363e+01 -1.020803982236649077e+01
3.013599999999999909e+03 8.208799999999999272e+03 1.345679999999999927e+04 -3.388000000000000114e+02 3.078000000000000114e+02 -1.726999999999999886e+02 3.076091186416264378e+01 -1.084398749928846328e+01
2.729199999999999818e+03 8.192399999999999636e+03 1.370200000000000000e+04 -2.691000000000000227e+02 2.498000000000000114e+02 -2.210000000000000000e+02 3.038439817438845125e+01 -9.700976479161619537e+00
2.914000000000000000e+03 8.130399999999999636e+03 1.368760000000000036e+04 -2.953999999999999773e+02 3.113999999999999773e+02 -2.070999999999999943e+02 3.015583052151509236e+01 -1.037262635022510082e+01
2.889199999999999818e+03 7.724399999999999636e+03 1.387239999999999964e+04 -3.063000000000000114e+02 2.755000000000000000e+02 -2.063000000000000114e+02 2.859688702151511208e+01 -1.031267399896960946e+01
2.931599999999999909e+03 8.146399999999999636e+03 1.364720000000000073e+04 -2.901000000000000227e+02 2.881000000000000227e+02 -2.035999999999999943e+02 3.026698100127538282e+01 -1.045076136485970153e+01
2.801199999999999818e+03 8.268399999999999636e+03 1.355560000000000036e+04 -3.003999999999999773e+02 3.098000000000000114e+02 -2.035999999999999943e+02 3.085049673567909778e+01 -1.000647172747673075e+01
3.081599999999999909e+03 8.241200000000000728e+03 1.355120000000000073e+04 -2.896999999999999886e+02 2.846000000000000227e+02 -1.990999999999999943e+02 3.066849590954118909e+01 -1.099581158733702324e+01
2.911599999999999909e+03 8.125199999999999818e+03 1.365400000000000000e+04 -2.981000000000000227e+02 2.813999999999999773e+02 -2.014000000000000057e+02 3.019729345964356071e+01 -1.038301111809574273e+01
2.943199999999999818e+03 7.326399999999999636e+03 1.408760000000000036e+04 -2.953999999999999773e+02 2.846000000000000227e+02 -2.110000000000000000e+02 2.697882738590955753e+01 -1.050101263654216055e+01
2.875199999999999818e+03 8.200399999999999636e+03 1.363479999999999927e+04 -2.916000000000000227e+02 2.848999999999999773e+02 -2.014000000000000057e+02 3.047481860474329096e+01 -1.024484580867852479e+01
2.910800000000000182e+03 8.124399999999999636e+03 1.362920000000000073e+04 -2.968999999999999773e+02 3.091000000000000227e+02 -1.983000000000000114e+02 3.024008575040535973e+01 -1.039563568094606083e+01
2.861599999999999909e+03 8.207600000000000364e+03 1.356720000000000073e+04 -2.928000000000000114e+02 2.896999999999999886e+02 -2.028000000000000114e+02 3.062168896417433572e+01 -1.022879034886567773e+01
2.717199999999999818e+03 7.992399999999999636e+03 1.380400000000000000e+04 -2.925000000000000000e+02 2.838999999999999773e+02 -2.021999999999999886e+02 2.960077380626765375e+01 -9.666714790635522192e+00
3.033199999999999818e+03 8.339600000000000364e+03 1.361079999999999927e+04 -2.678999999999999773e+02 2.836999999999999886e+02 -2.175000000000000000e+02 3.086987547869711079e+01 -1.080604733221703739e+01
4.664800000000000182e+03 6.999199999999999818e+03 1.384400000000000000e+04 -2.386999999999999886e+02 2.721999999999999886e+02 -2.065000000000000000e+02 2.562711472179125849e+01 -1.675079632318967526e+01
3.001599999999999909e+03 7.375199999999999818e+03 1.406079999999999927e+04 -3.435000000000000000e+02 2.736999999999999886e+02 -2.346999999999999886e+02 2.715500589456936353e+01 -1.070341326783654701e+01
2.788400000000000091e+03 8.681200000000000728e+03 1.340720000000000073e+04 -2.940000000000000000e+02 2.826999999999999886e+02 -2.063000000000000114e+02 3.237101841917352374e+01 -9.902909745804823416e+00
2.713199999999999818e+03 7.400000000000000000e+03 1.406160000000000036e+04 -2.848000000000000114e+02 2.621999999999999886e+02 -2.091999999999999886e+02 2.732754906455838295e+01 -9.690541899015519434e+00
2.789199999999999818e+03 8.788799999999999272e+03 1.330679999999999927e+04 -3.358000000000000114e+02 2.625000000000000000e+02 -2.299000000000000057e+02 3.288467063817468272e+01 -9.918952577252529323e+00
2.854400000000000091e+03 8.467600000000000364e+03 1.344679999999999927e+04 -2.948000000000000114e+02 3.166000000000000227e+02 -1.985999999999999943e+02 3.163054314008987333e+01 -1.018280112122504377e+01
2.793199999999999818e+03 8.613200000000000728e+03 1.346320000000000073e+04 -2.873000000000000114e+02 2.851000000000000227e+02 -2.025000000000000000e+02 3.206224789200850012e+01 -9.913446002974746207e+00
3.510400000000000091e+03 8.114000000000000000e+03 1.348800000000000000e+04 -2.811999999999999886e+02 2.295000000000000000e+02 -1.819000000000000057e+02 3.020076726581260829e+01 -1.257544032314389426e+01
2.710400000000000091e+03 8.712399999999999636e+03 1.336560000000000036e+04 -2.653999999999999773e+02 2.786999999999999886e+02 -2.096999999999999886e+02 3.257232541480097865e+01 -9.643687805974590077e+00
2.720400000000000091e+03 8.720000000000000000e+03 1.337000000000000000e+04 -2.906999999999999886e+02 2.880000000000000000e+02 -2.030000000000000000e+02 3.258258759862895459e+01 -9.671962023954986165e+00
2.954000000000000000e+03 8.125199999999999818e+03 1.376200000000000000e+04 -1.147000000000000028e+02 2.695000000000000000e+02 -1.955000000000000000e+02 2.998980105581843958e+01 -1.047895713778783389e+01
2.863199999999999818e+03 8.569600000000000364e+03 1.344879999999999927e+04 -2.923000000000000114e+02 2.913999999999999773e+02 -2.005999999999999943e+02 3.193271460514178628e+01 -1.017830306274144725e+01
2.828800000000000182e+03 8.553200000000000728e+03 1.343839999999999964e+04 -2.918000000000000114e+02 2.785000000000000000e+02 -2.401999999999999886e+02 3.191498442367302957e+01 -1.006974283978260054e+01
3.152400000000000091e+03 7.066399999999999636e+03 1.415520000000000073e+04 -2.933999999999999773e+02 2.861000000000000227e+02 -2.039000000000000057e+02 2.597999398450318154e+01 -1.126892996192027319e+01
4.219199999999999818e+03 7.492800000000000182e+03 1.378960000000000036e+04 -4.035000000000000000e+02 3.043000000000000114e+02 -2.190999999999999943e+02 2.744474472982825120e+01 -1.511386561993279898e+01
2.849599999999999909e+03 7.342800000000000182e+03 1.407039999999999964e+04 -2.926000000000000227e+02 2.910000000000000000e+02 -2.043000000000000114e+02 2.708506604882483160e+01 -1.017541021106965005e+01
2.880800000000000182e+03 8.386799999999999272e+03 1.352560000000000036e+04 -3.003999999999999773e+02 2.843999999999999773e+02 -2.010000000000000000e+02 3.123340006344043829e+01 -1.026346215912212578e+01
2.826400000000000091e+03 8.384799999999999272e+03 1.354479999999999927e+04 -2.906000000000000227e+02 2.853999999999999773e+02 -2.013000000000000114e+02 3.121420515576937049e+01 -1.006128504536471624e+01
3.115199999999999818e+03 8.376799999999999272e+03 1.346160000000000036e+04 -2.856999999999999886e+02 2.853999999999999773e+02 -2.005000000000000000e+02 3.122454823691320058e+01 -1.111545505565299052e+01
3.343599999999999909e+03 8.171600000000000364e+03 1.351360000000000036e+04 -2.830000000000000000e+02 2.851000000000000227e+02 -2.013000000000000114e+02 3.041043360400645312e+01 -1.195435856048092660e+01
2.994400000000000091e+03 8.382000000000000000e+03 1.336800000000000000e+04 -3.938999999999999773e+02 3.041999999999999886e+02 -1.694000000000000057e+02 3.144591246747511804e+01 -1.075663446965926084e+01
3.313599999999999909e+03 8.306399999999999636e+03 1.347279999999999927e+04 -2.913000000000000114e+02 2.891999999999999886e+02 -2.001999999999999886e+02 3.090770822014309971e+01 -1.182475172853882661e+01
3.998000000000000000e+03 7.268399999999999636e+03 1.397239999999999964e+04 -2.758999999999999773e+02 3.200000000000000000e+02 -2.438000000000000114e+02 2.657008680754762509e+01 -1.425192741423119891e+01
3.103199999999999818e+03 7.900399999999999636e+03 1.379279999999999927e+04 -2.913999999999999773e+02 2.820000000000000000e+02 -2.030999999999999943e+02 2.919559666630014405e+01 -1.104602415170620056e+01
2.978000000000000000e+03 8.321600000000000364e+03 1.348279999999999927e+04 -2.585000000000000000e+02 2.873000000000000114e+02 -2.026999999999999886e+02 3.107695120282475543e+01 -1.064453952407578541e+01
3.106000000000000000e+03 6.828000000000000000e+03 1.432239999999999964e+04 -3.211999999999999886e+02 2.311999999999999886e+02 -1.993000000000000114e+02 2.498108959611648672e+01 -1.107621825686301520e+01
2.673599999999999909e+03 7.754000000000000000e+03 1.395479999999999927e+04 -3.121000000000000227e+02 2.343000000000000114e+02 -2.214000000000000057e+02 2.862160722278202485e+01 -9.509239237032335978e+00
2.643599999999999909e+03 8.146800000000000182e+03 1.367279999999999927e+04 -3.001000000000000227e+02 2.931999999999999886e+02 -1.933000000000000114e+02 3.032794152983587921e+01 -9.430728315163880993e+00
2.681199999999999818e+03 7.974800000000000182e+03 1.377720000000000073e+04 -2.575000000000000000e+02 2.601000000000000227e+02 -2.065999999999999943e+02 2.960282665504860233e+01 -9.560629825912410951e+00
2.730800000000000182e+03 8.349600000000000364e+03 1.353879999999999927e+04 -2.936999999999999886e+02 2.853999999999999773e+02 -2.028000000000000114e+02 3.115520393313828862e+01 -9.741671029134469251e+00
2.803599999999999909e+03 7.813199999999999818e+03 1.380200000000000000e+04 -2.815000000000000000e+02 2.961000000000000227e+02 -1.918000000000000114e+02 2.901910494271888297e+01 -1.002385896773030360e+01
3.352000000000000000e+03 4.898800000000000182e+03 1.496360000000000036e+04 -2.943000000000000114e+02 2.836999999999999886e+02 -2.055000000000000000e+02 1.771591072036171610e+01 -1.201808819160412511e+01
3.552000000000000000e+03 7.793600000000000364e+03 1.393879999999999927e+04 -2.084000000000000057e+02 2.981999999999999886e+02 -2.200999999999999943e+02 2.841941290359949335e+01 -1.263644202366675628e+01
3.376800000000000182e+03 8.244399999999999636e+03 1.345960000000000036e+04 -2.948000000000000114e+02 2.890000000000000000e+02 -2.029000000000000057e+02 3.071334993558123827e+01 -1.207626720853700775e+01
3.004400000000000091e+03 8.006000000000000000e+03 1.372879999999999927e+04 -2.933000000000000114e+02 2.871000000000000227e+02 -2.050000000000000000e+02 2.966810336868077158e+01 -1.070371145369426991e+01
3.474000000000000000e+03 7.087199999999999818e+03 1.407360000000000036e+04 -2.886999999999999886e+02 2.888999999999999773e+02 -2.065999999999999943e+02 2.605498672769896373e+01 -1.243335731633592722e+01
4.141199999999999818e+03 7.883199999999999818e+03 1.363320000000000073e+04 -2.826999999999999886e+02 2.651000000000000227e+02 -1.884000000000000057e+02 2.892176289829665237e+01 -1.487536591467817360e+01
2.527199999999999818e+03 7.232000000000000000e+03 1.418639999999999964e+04 -2.623000000000000114e+02 2.818000000000000114e+02 -2.108000000000000114e+02 2.664950692462271675e+01 -9.016526200293203175e+00
2.600800000000000182e+03 9.024399999999999636e+03 1.317360000000000036e+04 -2.641000000000000227e+02 2.843999999999999773e+02 -2.591999999999999886e+02 3.391189293616650247e+01 -9.256563270697396817e+00
2.703599999999999909e+03 8.117199999999999818e+03 1.365360000000000036e+04 -3.071999999999999886e+02 2.148000000000000114e+02 -2.404000000000000057e+02 3.024636470767766383e+01 -9.657420792248773367e+00
