8.586645126342773438e-01 8.586645126342773438e-01
-7.727980613708496094e-01 -7.727980613708496094e-01
-3.001236915588378906e+00 -3.001236915588378906e+00
7.564425468444824219e-01 7.564425468444824219e-01
4.661321640014648438e-01 4.661321640014648438e-01
1.541507244110107422e+00 1.541507244110107422e+00
-9.240865707397460938e-01 -9.240865707397460938e-01
-1.958572864532470703e+00 -1.958572864532470703e+00
7.032871246337890625e-01 7.032871246337890625e-01
-1.578307151794433594e+00 -1.578307151794433594e+00
-6.664872169494628906e-01 -6.664872169494628906e-01
2.984881401062011719e+00 2.984881401062011719e+00
2.248883247375488281e-01 2.248883247375488281e-01
0.000000000000000000e+00 0.000000000000000000e+00
-1.112174987792968750e+00 -1.112174987792968750e+00
-4.918920993804931641e+00 -4.918920993804931641e+00
-8.218646049499511719e-01 -8.218646049499511719e-01
2.044439315795898438e+00 2.044439315795898438e+00
-2.432882785797119141e+00 -2.432882785797119141e+00
-3.017592430114746094e+00 -3.017592430114746094e+00
-4.988431930541992188e-01 -4.988431930541992188e-01
-1.512885093688964844e+00 -1.512885093688964844e+00
5.626296997070312500e+00 5.626296997070312500e+00
-2.077150344848632812e+00 -2.077150344848632812e+00
-9.772419929504394531e-01 -9.772419929504394531e-01
-4.620432853698730469e-01 -4.620432853698730469e-01
-1.099908351898193359e+00 -1.099908351898193359e+00
3.966212272644042969e-01 3.966212272644042969e-01
3.802657127380371094e-01 3.802657127380371094e-01
-8.750200271606445312e-01 -8.750200271606445312e-01
4.293322563171386719e-01 4.293322563171386719e-01
-2.575993537902832031e-01 -2.575993537902832031e-01
-3.802657127380371094e-01 -3.802657127380371094e-01
-2.085328102111816406e-01 -2.085328102111816406e-01
-3.966212272644042969e-01 -3.966212272644042969e-01
-3.655457496643066406e+00 -3.655457496643066406e+00
3.066658973693847656e-01 3.066658973693847656e-01
-3.103458881378173828e+00 -3.103458881378173828e+00
3.271102905273437500e-01 3.271102905273437500e-01
1.046752929687500000e+00 1.046752929687500000e+00
3.066658973693847656e-01 3.066658973693847656e-01
1.611018180847167969e+00 1.611018180847167969e+00
1.234841346740722656e+00 1.234841346740722656e+00
-1.492440700531005859e+00 -1.492440700531005859e+00
2.813148498535156250e+00 2.813148498535156250e+00
-1.729595661163330078e+00 -1.729595661163330078e+00
-3.761768341064453125e-01 -3.761768341064453125e-01
-8.382201194763183594e-01 -8.382201194763183594e-01
-9.731531143188476562e-01 -9.731531143188476562e-01
-2.248883247375488281e-01 -2.248883247375488281e-01
1.202130317687988281e+00 1.202130317687988281e+00
3.823101520538330078e+00 3.823101520538330078e+00
3.598213195800781250e-01 3.598213195800781250e-01
-2.903103828430175781e-01 -2.903103828430175781e-01
7.196426391601562500e-01 7.196426391601562500e-01
-1.803195476531982422e+00 -1.803195476531982422e+00
1.255285739898681641e+00 1.255285739898681641e+00
2.935814857482910156e+00 2.935814857482910156e+00
-5.949318408966064453e+00 -5.949318408966064453e+00
1.046752929687500000e+00 1.046752929687500000e+00
-1.202130317687988281e+00 -1.202130317687988281e+00
-1.647818088531494141e+00 -1.647818088531494141e+00
-8.259534835815429688e-01 -8.259534835815429688e-01
-2.383816242218017578e+00 -2.383816242218017578e+00
-1.292085647583007812e+00 -1.292085647583007812e+00
-1.063108444213867188e+00 -1.063108444213867188e+00
-1.418840885162353516e+00 -1.418840885162353516e+00
1.349329948425292969e-01 1.349329948425292969e-01
2.109861373901367188e+00 2.109861373901367188e+00
-1.987195014953613281e+00 -1.987195014953613281e+00
-4.510033130645751953e+00 -4.510033130645751953e+00
-7.727980613708496094e-01 -7.727980613708496094e-01
6.951093673706054688e-02 6.951093673706054688e-02
-1.492440700531005859e+00 -1.492440700531005859e+00
-2.845859527587890625e+00 -2.845859527587890625e+00
4.743099212646484375e-01 4.743099212646484375e-01
7.687091827392578125e-01 7.687091827392578125e-01
2.330660820007324219e+00 2.330660820007324219e+00
1.631462574005126953e+00 1.631462574005126953e+00
-1.635551452636718750e-02 -1.635551452636718750e-02
-1.733684539794921875e+00 -1.733684539794921875e+00
-4.252433776855468750e+00 -4.252433776855468750e+00
-1.594662666320800781e+00 -1.594662666320800781e+00
-8.423089981079101562e-01 -8.423089981079101562e-01
-1.304352283477783203e+00 -1.304352283477783203e+00
1.921772956848144531e+00 1.921772956848144531e+00
1.611018180847167969e+00 1.611018180847167969e+00
3.107547760009765625e-01 3.107547760009765625e-01
1.635551452636718750e-02 1.635551452636718750e-02
-1.050841808319091797e+00 -1.050841808319091797e+00
-6.337761878967285156e-01 -6.337761878967285156e-01
2.796792984008789062e+00 2.796792984008789062e+00
-2.056705951690673828e+00 -2.056705951690673828e+00
1.369774341583251953e+00 1.369774341583251953e+00
-1.974928379058837891e+00 -1.974928379058837891e+00
4.853498935699462891e+00 4.853498935699462891e+00
-1.079463958740234375e+00 -1.079463958740234375e+00
-3.925323486328125000e-01 -3.925323486328125000e-01
-4.988431930541992188e-01 -4.988431930541992188e-01
1.745951175689697266e+00 1.745951175689697266e+00
