-2.350000000000000000e+03 -2.133599999999999909e+03 1.550200000000000000e+04 -2.693000000000000114e+02 2.876999999999999886e+02 -2.568000000000000114e+02 -7.746870255174433062e+00 8.538465438501869897e+00
5.020000000000000000e+02 8.135199999999999818e+03 1.395960000000000036e+04 -2.858999999999999773e+02 2.273000000000000114e+02 -2.014000000000000057e+02 3.022145651533246635e+01 -1.835299386902184082e+00
3.611599999999999909e+03 -1.566799999999999955e+03 1.515400000000000000e+04 -3.818000000000000114e+02 2.016999999999999886e+02 -1.653000000000000114e+02 -5.754872522247955757e+00 -1.336597266381289728e+01
2.640400000000000091e+03 -1.181200000000000045e+03 1.574400000000000000e+04 -3.718000000000000114e+02 1.780000000000000000e+02 -1.710000000000000000e+02 -4.223913938164274740e+00 -9.489581114529043404e+00
-4.320000000000000284e+01 2.182400000000000091e+03 1.586200000000000000e+04 -2.645000000000000000e+02 2.976000000000000227e+02 -2.641000000000000227e+02 7.847029163576327626e+00 1.483884538534485098e-01
3.172800000000000182e+03 6.539600000000000364e+03 1.449600000000000000e+04 -2.693999999999999773e+02 2.956999999999999886e+02 -1.861999999999999886e+02 2.378698162979806696e+01 -1.127797420144220197e+01
2.584400000000000091e+03 -4.132000000000000000e+03 1.518720000000000073e+04 -3.136000000000000227e+02 3.026999999999999886e+02 -2.001999999999999886e+02 -1.500369534536886285e+01 -9.323394153308397492e+00
2.734000000000000000e+03 6.582800000000000182e+03 1.436400000000000000e+04 -2.434000000000000057e+02 2.516999999999999886e+02 -1.578000000000000114e+02 2.425821901910239120e+01 -9.732784069290982387e+00
-1.744799999999999955e+03 1.492400000000000091e+03 1.571960000000000036e+04 -2.958999999999999773e+02 1.886999999999999886e+02 -1.695000000000000000e+02 5.380615313055928439e+00 6.295803155715018917e+00
1.653599999999999909e+03 -4.211999999999999886e+02 1.620160000000000036e+04 -4.273000000000000114e+02 2.655000000000000000e+02 -2.480000000000000000e+02 -1.487308368173263506e+00 -5.840680554354094056e+00
4.068400000000000091e+03 3.076400000000000091e+03 1.535679999999999927e+04 -2.611999999999999886e+02 2.876000000000000227e+02 -2.511999999999999886e+02 1.094388587131086332e+01 -1.456608638250835597e+01
2.765199999999999818e+03 3.190400000000000091e+03 1.560039999999999964e+04 -2.621999999999999886e+02 2.893999999999999773e+02 -1.739000000000000057e+02 1.138144425112689717e+01 -9.851182057645683443e+00
5.259600000000000364e+03 5.897199999999999818e+03 1.340439999999999964e+04 -4.481999999999999886e+02 2.571999999999999886e+02 -2.611000000000000227e+02 2.219413709822594427e+01 -1.965967962060805618e+01
6.531199999999999818e+03 -2.466000000000000000e+03 1.479120000000000073e+04 -1.410000000000000000e+02 5.103000000000000114e+02 -4.520000000000000000e+02 -8.629210472693944922e+00 -2.348792535110329638e+01
3.863599999999999909e+03 1.651599999999999909e+03 1.581279999999999927e+04 -2.338000000000000114e+02 2.731000000000000227e+02 -2.100999999999999943e+02 5.808270311257721197e+00 -1.364738919474267753e+01
5.460000000000000000e+02 3.827199999999999818e+03 1.579079999999999927e+04 -2.955000000000000000e+02 2.313000000000000114e+02 -2.105999999999999943e+02 1.359310552581431963e+01 -1.928585020204863998e+00
-2.012400000000000091e+03 2.407599999999999909e+03 1.581039999999999964e+04 -2.745000000000000000e+02 2.943999999999999773e+02 -1.583000000000000114e+02 8.593263617737568083e+00 7.166565449679869637e+00
3.228000000000000114e+02 7.124399999999999636e+03 1.440160000000000036e+04 -2.863999999999999773e+02 3.638000000000000114e+02 -1.560000000000000000e+02 2.628189926922588171e+01 -1.122566835032312138e+00
1.892400000000000091e+03 8.072399999999999636e+03 1.380000000000000000e+04 -2.911000000000000227e+02 3.120000000000000000e+02 -2.219000000000000057e+02 3.009087320287374467e+01 -6.750791803998102303e+00
2.425599999999999909e+03 2.319199999999999818e+03 1.569560000000000036e+04 -3.205000000000000000e+02 2.771000000000000227e+02 -2.045000000000000000e+02 8.304756855525452508e+00 -8.702525273583660237e+00
5.200000000000000000e+02 5.164399999999999636e+03 1.536079999999999927e+04 -2.783999999999999773e+02 3.166000000000000227e+02 -2.086999999999999886e+02 1.855220753834871061e+01 -1.839479253037310968e+00
3.830400000000000091e+03 -1.580000000000000000e+03 1.541239999999999964e+04 -2.835000000000000000e+02 3.063999999999999773e+02 -1.786999999999999886e+02 -5.679663077407946403e+00 -1.387132887029135375e+01
5.848000000000000000e+03 -3.151999999999999886e+02 1.513800000000000000e+04 -2.876999999999999886e+02 2.631000000000000227e+02 -1.323000000000000114e+02 -1.138500301893151878e+00 -2.113630081297237595e+01
5.566399999999999636e+03 1.328000000000000114e+02 1.514360000000000036e+04 -3.243999999999999773e+02 2.310999999999999943e+02 -1.641999999999999886e+02 4.714408721535042202e-01 -2.017358318969458963e+01
7.187999999999999545e+02 9.067999999999999545e+02 1.608839999999999964e+04 -2.800000000000000000e+02 3.456999999999999886e+02 -1.776999999999999886e+02 3.235315673899654687e+00 -2.545482504110302635e+00
2.419199999999999818e+03 1.700000000000000000e+03 1.584479999999999927e+04 -3.183999999999999773e+02 3.263000000000000114e+02 -2.111999999999999886e+02 6.053845836719899509e+00 -8.632003122885224755e+00
3.803599999999999909e+03 7.643999999999999773e+02 1.568279999999999927e+04 -3.880000000000000000e+02 2.445999999999999943e+02 -2.104000000000000057e+02 2.716424087340132409e+00 -1.361434454994771315e+01
-9.223999999999999773e+02 -2.288800000000000182e+03 1.593000000000000000e+04 -2.266999999999999886e+02 3.518000000000000114e+02 -1.385999999999999943e+02 -8.160478389551025558e+00 3.224554462505158536e+00
3.914800000000000182e+03 2.861199999999999818e+03 1.502839999999999964e+04 -3.216999999999999886e+02 2.255000000000000000e+02 -1.469000000000000057e+02 1.040938831050260305e+01 -1.436532578055897069e+01
1.579200000000000045e+03 2.240400000000000091e+03 1.617600000000000000e+04 -8.859999999999999432e+01 3.156000000000000227e+02 -6.110000000000000142e+01 7.856177268368986333e+00 -5.522835341448285362e+00
1.718400000000000091e+03 2.414000000000000000e+03 1.542120000000000073e+04 -3.818000000000000114e+02 2.440999999999999943e+02 -1.991999999999999886e+02 8.883063556484342982e+00 -6.261098216474571210e+00
3.248800000000000182e+03 6.305199999999999818e+03 1.469000000000000000e+04 -1.725000000000000000e+02 2.505999999999999943e+02 -1.955000000000000000e+02 2.273565671003497357e+01 -1.149174273469402507e+01
4.788000000000000114e+02 2.208800000000000182e+03 1.572839999999999964e+04 -3.211999999999999886e+02 1.095700000000000045e+03 -4.310000000000000142e+01 7.812577934907736221e+00 -1.649948254715840168e+00
5.648000000000000000e+03 7.527999999999999545e+02 1.501160000000000036e+04 -3.001000000000000227e+02 2.843000000000000114e+02 -1.880000000000000000e+02 2.678475166652220629e+00 -2.057707620417241401e+01
5.933600000000000364e+03 -4.063599999999999909e+03 1.444320000000000073e+04 -3.125000000000000000e+02 5.163999999999999773e+02 -1.975999999999999943e+02 -1.457989350092595338e+01 -2.156979849315752773e+01
-2.141199999999999818e+03 1.340000000000000000e+03 1.601279999999999927e+04 -3.411999999999999886e+02 2.305000000000000000e+02 -1.465000000000000000e+02 4.723213343129690323e+00 7.592141453087663194e+00
1.624799999999999955e+03 -2.882000000000000000e+03 1.565239999999999964e+04 -3.593000000000000114e+02 2.911000000000000227e+02 -2.423000000000000114e+02 -1.038631215702354282e+01 -5.819893853373740988e+00
3.849599999999999909e+03 2.746000000000000000e+03 1.544760000000000036e+04 -2.761000000000000227e+02 2.530000000000000000e+02 -2.288000000000000114e+02 9.793973901759288836e+00 -1.378601799895394819e+01
-1.578400000000000091e+03 -1.259599999999999909e+03 1.599439999999999964e+04 -2.573000000000000114e+02 3.031000000000000227e+02 -1.829000000000000057e+02 -4.463016491980558165e+00 5.580456022616006706e+00
-2.503599999999999909e+03 4.559199999999999818e+03 1.515479999999999927e+04 -3.830000000000000000e+02 2.200000000000000000e+02 -1.871999999999999886e+02 1.651494063618753572e+01 8.939825968954030699e+00
-2.307599999999999909e+03 -5.840000000000000000e+02 1.549760000000000036e+04 -3.601999999999999886e+02 2.683000000000000114e+02 -2.415999999999999943e+02 -2.143813828531554222e+00 8.457550820543321635e+00
2.928400000000000091e+03 -1.269200000000000045e+03 1.606200000000000000e+04 -2.903999999999999773e+02 3.483999999999999773e+02 -1.801999999999999886e+02 -4.438180018091587797e+00 -1.031597160479343067e+01
3.644800000000000182e+03 -5.241600000000000364e+03 1.475920000000000073e+04 -6.060000000000000142e+01 4.016999999999999886e+02 -2.495000000000000000e+02 -1.899568998218995830e+01 -1.309751127591763620e+01
2.448400000000000091e+03 8.867999999999999545e+02 1.552879999999999927e+04 -3.428000000000000114e+02 2.806999999999999886e+02 -2.503000000000000114e+02 3.206811667593359338e+00 -9.034753885954206254e+00
-1.989599999999999909e+03 1.250400000000000091e+03 1.589960000000000036e+04 -3.585000000000000000e+02 2.966000000000000227e+02 -2.458000000000000114e+02 4.459990825243449919e+00 7.107866273328546924e+00
-7.247999999999999545e+02 4.264399999999999636e+03 1.525879999999999927e+04 -3.373000000000000114e+02 2.479000000000000057e+02 -2.263000000000000114e+02 1.560343292295281614e+01 2.620460542733298759e+00
2.364000000000000000e+03 -1.027599999999999909e+03 1.595160000000000036e+04 -2.455000000000000000e+02 2.215000000000000000e+02 -1.633000000000000114e+02 -3.639125279572994032e+00 -8.413702496966042332e+00
2.710400000000000091e+03 2.483199999999999818e+03 1.591160000000000036e+04 2.876999999999999886e+02 -1.739000000000000057e+02 -2.998999999999999773e+02 8.742189704397246075e+00 -9.657383495496624448e+00
3.328000000000000114e+02 5.357199999999999818e+03 1.527720000000000073e+04 -2.588999999999999773e+02 2.426999999999999886e+02 -1.990999999999999943e+02 1.933244611789256240e+01 -1.180854242647458197e+00
1.124400000000000091e+03 -5.060000000000000000e+02 1.614720000000000073e+04 -2.780000000000000000e+02 2.650000000000000000e+02 -2.040999999999999943e+02 -1.782584684623505611e+00 -3.977452556755011415e+00
-2.100400000000000091e+03 1.452000000000000000e+03 1.607239999999999964e+04 -2.281999999999999886e+02 2.598000000000000114e+02 -1.714000000000000057e+02 5.068715812650730790e+00 7.387101977529378694e+00
-1.145599999999999909e+03 7.136000000000000000e+03 1.445000000000000000e+04 -3.023999999999999773e+02 3.071999999999999886e+02 -1.845000000000000000e+02 2.618152647497723251e+01 4.030976481173906834e+00
1.719200000000000045e+03 -4.302399999999999636e+03 1.545400000000000000e+04 -3.611999999999999886e+02 3.003999999999999773e+02 -2.171999999999999886e+02 -1.544440451487599297e+01 -6.126415698757472050e+00
9.100000000000000000e+02 -1.840000000000000000e+02 1.619520000000000073e+04 -2.400000000000000000e+02 3.015000000000000000e+02 -1.840000000000000000e+02 -6.467866272055327048e-01 -3.215244744847121972e+00
2.088800000000000182e+03 4.872000000000000000e+03 1.508960000000000036e+04 -3.213000000000000114e+02 2.403000000000000114e+02 -1.865000000000000000e+02 1.764959562944019211e+01 -7.574159967537094751e+00
2.970000000000000000e+03 5.902399999999999636e+03 1.470879999999999927e+04 -3.353999999999999773e+02 2.000000000000000000e+02 -2.480000000000000000e+02 2.146344916813822223e+01 -1.056332195711870625e+01
1.593200000000000045e+03 1.659599999999999909e+03 1.580679999999999927e+04 -2.938999999999999773e+02 2.703999999999999773e+02 1.669999999999999929e+01 6.097670970361824594e+00 -5.721072231466659552e+00
3.115599999999999909e+03 4.840000000000000000e+02 1.564839999999999964e+04 -2.981000000000000227e+02 2.485000000000000000e+02 -1.681999999999999886e+02 1.734724805092570321e+00 -1.126904107779057895e+01
-1.230000000000000000e+03 6.236000000000000000e+03 1.466360000000000036e+04 -3.411999999999999886e+02 3.371000000000000227e+02 -2.191999999999999886e+02 2.295544855225866598e+01 4.443937020734602505e+00
5.338000000000000000e+03 -5.400000000000000000e+01 1.526560000000000036e+04 -3.675000000000000000e+02 1.785999999999999943e+02 -2.326999999999999886e+02 -1.696233505751627013e-01 -1.926305005348268651e+01
1.202000000000000000e+03 -4.252800000000000182e+03 1.547039999999999964e+04 -2.287400000000000091e+03 -1.136700000000000045e+03 -5.272000000000000455e+02 -1.534491025298639499e+01 -4.290413313918515215e+00
2.569599999999999909e+03 8.832000000000000455e+02 1.598839999999999964e+04 -1.611999999999999886e+02 2.165000000000000000e+02 -2.603000000000000114e+02 3.138993626383150826e+00 -9.111158001274967333e+00
4.580000000000000000e+03 -2.696000000000000000e+03 1.471200000000000000e+04 -6.032999999999999545e+02 3.076000000000000227e+02 -1.270000000000000000e+02 -9.959079822073809041e+00 -1.723874244178524862e+01
2.624400000000000091e+03 3.156000000000000000e+03 1.551400000000000000e+04 -3.208000000000000114e+02 3.041000000000000227e+02 -2.371999999999999886e+02 1.131921453662052279e+01 -9.407742180591840864e+00
4.427600000000000364e+03 1.969200000000000045e+03 1.532279999999999927e+04 -3.268999999999999773e+02 2.798999999999999773e+02 -2.338000000000000114e+02 7.021952598363521147e+00 -1.599489624858002301e+01
1.475999999999999943e+02 4.466800000000000182e+03 1.534000000000000000e+04 -2.553000000000000114e+02 2.883000000000000114e+02 -1.774000000000000057e+02 1.619001980610801539e+01 -5.064908797006099084e-01
1.561200000000000045e+03 -3.511599999999999909e+03 1.548760000000000036e+04 -4.378000000000000114e+02 9.920000000000000284e+01 -2.688999999999999773e+02 -1.270346279724464544e+01 -5.630387650541257116e+00
7.967999999999999545e+02 -2.462000000000000000e+03 1.569120000000000073e+04 -3.813999999999999773e+02 3.188000000000000114e+02 -4.115000000000000000e+02 -8.805583531029906652e+00 -2.808471073458721712e+00
2.118000000000000000e+03 6.992000000000000000e+03 1.442000000000000000e+04 -2.095000000000000000e+02 2.960000000000000000e+02 -2.109000000000000057e+02 2.564416144050022695e+01 -7.556620450704182090e+00
1.342000000000000000e+03 4.060800000000000182e+03 1.585679999999999927e+04 -2.306999999999999886e+02 3.193999999999999773e+02 -2.024000000000000057e+02 1.430603929187322265e+01 -4.701940453818729715e+00
3.762000000000000000e+03 3.386000000000000000e+03 1.537279999999999927e+04 -2.454000000000000057e+02 2.673999999999999773e+02 -1.406999999999999886e+02 1.208583635887709207e+01 -1.344514186815180246e+01
-8.683999999999999773e+02 -1.885599999999999909e+03 1.591079999999999927e+04 -3.093999999999999773e+02 2.828000000000000114e+02 -2.058000000000000114e+02 -6.681456648467317905e+00 3.011377534670397704e+00
1.650799999999999955e+03 7.507999999999999545e+02 1.604079999999999927e+04 -2.870000000000000000e+02 2.478000000000000114e+02 -1.744000000000000057e+02 2.661291154331164588e+00 -5.875077750848016755e+00
-2.314000000000000000e+03 6.626800000000000182e+03 1.431720000000000073e+04 -2.913999999999999773e+02 2.930000000000000000e+02 -1.493000000000000114e+02 2.446382338420926672e+01 8.310973511046736206e+00
2.434400000000000091e+03 6.840000000000000000e+02 1.593560000000000036e+04 -2.916999999999999886e+02 3.065000000000000000e+02 -2.170000000000000000e+02 2.430121457712814070e+00 -8.677614644798875787e+00
1.015999999999999943e+02 -7.240000000000000000e+02 1.606520000000000073e+04 -3.818999999999999773e+02 3.200000000000000000e+02 -1.921999999999999886e+02 -2.572604698859531247e+00 -3.700243831245850212e-01
2.318000000000000000e+03 -5.376800000000000182e+03 1.517879999999999927e+04 -3.188000000000000114e+02 2.738999999999999773e+02 -2.801000000000000227e+02 -1.929173249037689430e+01 -8.211654901445967880e+00
2.891199999999999818e+03 -1.731599999999999909e+03 1.566920000000000073e+04 -2.913000000000000114e+02 2.700000000000000000e+02 -2.046999999999999886e+02 -6.220331287546856380e+00 -1.038277117878662281e+01
3.079199999999999818e+03 3.750800000000000182e+03 1.531520000000000073e+04 -2.793000000000000114e+02 2.733000000000000114e+02 -2.155999999999999943e+02 1.350098785197807061e+01 -1.104900154752749764e+01
3.056800000000000182e+03 1.440000000000000036e+01 1.597360000000000036e+04 -2.876999999999999886e+02 2.838000000000000114e+02 -2.405000000000000000e+02 4.839592600145611184e-02 -1.083008119038298567e+01
4.074400000000000091e+03 3.914400000000000091e+03 1.520320000000000073e+04 -1.525000000000000000e+02 2.666999999999999886e+02 -1.889000000000000057e+02 1.392565131613024221e+01 -1.455547376199555210e+01
2.536000000000000000e+03 2.138000000000000000e+03 1.587479999999999927e+04 -3.275000000000000000e+02 2.061999999999999886e+02 -1.760999999999999943e+02 7.603972236859694256e+00 -8.998134489251306434e+00
3.148400000000000091e+03 8.572000000000000455e+02 1.589160000000000036e+04 -2.803999999999999773e+02 2.793999999999999773e+02 -2.024000000000000057e+02 3.029912263244826320e+00 -1.119197883363815116e+01
-6.176000000000000227e+02 -6.387999999999999545e+02 1.614720000000000073e+04 -3.025000000000000000e+02 2.505999999999999943e+02 -1.989000000000000057e+02 -2.272932178055704355e+00 2.170860841130380692e+00
2.291999999999999886e+02 1.284000000000000057e+02 1.605639999999999964e+04 -3.483000000000000114e+02 3.291000000000000227e+02 -1.921999999999999886e+02 4.753111852590015118e-01 -8.420124680226713787e-01
2.210000000000000000e+03 1.355999999999999943e+02 1.577800000000000000e+04 -2.663000000000000114e+02 2.631000000000000227e+02 -1.776999999999999886e+02 4.536700769404412026e-01 -7.979020718655952749e+00
-2.212400000000000091e+03 6.160000000000000000e+02 1.567639999999999964e+04 -3.036999999999999886e+02 2.953999999999999773e+02 -4.113000000000000114e+02 2.230913953844139819e+00 8.026373389126408853e+00
-2.491599999999999909e+03 4.383199999999999818e+03 1.531600000000000000e+04 -2.495999999999999943e+02 3.106999999999999886e+02 -2.289000000000000057e+02 1.577014105624761875e+01 8.888132180978445263e+00
1.835200000000000045e+03 1.721599999999999909e+03 1.588039999999999964e+04 -2.985000000000000000e+02 2.845000000000000000e+02 -1.818000000000000114e+02 6.142433669418934983e+00 -6.559590929139872628e+00
7.370399999999999636e+03 -2.640000000000000000e+02 1.625360000000000036e+04 5.818999999999999773e+02 -1.111099999999999909e+03 6.779999999999999716e+01 -6.193048352098982079e+00 -2.008274671554094226e+01
-1.739200000000000045e+03 -2.919599999999999909e+03 1.548920000000000073e+04 -1.069000000000000057e+02 1.222000000000000028e+02 -1.825999999999999943e+02 -1.061030399445649053e+01 6.319494121851828794e+00
5.795199999999999818e+03 2.470800000000000182e+03 1.465920000000000073e+04 -4.061000000000000227e+02 5.533999999999999773e+02 -1.626999999999999886e+02 8.869643125539223405e+00 -2.123418655095725427e+01
1.438799999999999955e+03 2.822400000000000091e+03 1.586400000000000000e+04 -1.864000000000000057e+02 3.156000000000000227e+02 -1.919000000000000057e+02 1.007655786904894413e+01 -5.104071734169400187e+00
4.362399999999999636e+03 2.900000000000000000e+03 1.528839999999999964e+04 -2.878000000000000114e+02 2.530999999999999943e+02 -1.973000000000000114e+02 1.033773412883146747e+01 -1.566151430298606329e+01
3.713599999999999909e+03 -2.114400000000000091e+03 1.547079999999999927e+04 -4.930000000000000000e+02 3.270000000000000000e+02 -1.831999999999999886e+02 -7.576481763296923688e+00 -1.336066208914391495e+01
1.631999999999999886e+02 4.318399999999999636e+03 1.565400000000000000e+04 -3.021000000000000227e+02 2.838999999999999773e+02 -1.840999999999999943e+02 1.539898190900018093e+01 -5.909911988954549278e-01
-1.335200000000000045e+03 7.262399999999999636e+03 1.428600000000000000e+04 -3.083000000000000114e+02 2.161999999999999886e+02 -1.979000000000000057e+02 2.683299506413812807e+01 4.752995876336949976e+00
4.318000000000000000e+03 5.557199999999999818e+03 1.436679999999999927e+04 -4.008000000000000114e+02 2.385999999999999943e+02 -2.401999999999999886e+02 2.032573503400602632e+01 -1.567111618042192411e+01
1.316400000000000091e+03 2.397199999999999818e+03 1.576879999999999927e+04 -3.406000000000000227e+02 2.801999999999999886e+02 -2.435999999999999943e+02 8.628765297313293559e+00 -4.714772083426082006e+00
-1.013200000000000045e+03 3.173199999999999818e+03 1.559639999999999964e+04 -2.593000000000000114e+02 2.646999999999999886e+02 -2.159000000000000057e+02 1.143723549494136904e+01 3.624289796327536894e+00
